0.000000 0.001304
0.002270 -0.089024
0.004540 0.595793
0.006810 -0.927547
0.009081 0.887964
0.011351 -0.768150
0.013621 0.780666
0.015891 -0.819692
0.018161 0.617231
0.020431 0.257739
0.022701 -0.962093
0.024972 0.688818
0.027242 0.185599
0.029512 -0.511260
0.031782 0.295970
0.034052 0.212344
0.036322 -0.707710
0.038593 0.059433
0.040863 0.497596
0.043133 -0.203134
0.045403 -0.611243
0.047673 0.146461
0.049943 0.480421
0.052213 0.085318
0.054484 -0.530684
0.056754 -0.395045
0.059024 0.342928
0.061294 0.461167
0.063564 0.107418
0.065834 -0.371167
0.068104 -0.605113
0.070375 0.023990
0.072645 0.512683
0.074915 0.444339
0.077185 -0.018914
0.079455 -0.456235
0.081725 -0.511954
0.083995 0.107913
0.086266 0.413065
0.088536 0.401384
0.090806 0.022996
0.093076 -0.233505
0.095346 -0.337367
0.097616 -0.273555
0.099886 0.083623
0.102157 0.308239
0.104427 0.363551
0.106697 0.114672
0.108967 -0.169371
0.111237 -0.312219
0.113507 -0.301976
0.115778 -0.000079
0.118048 0.226805
0.120318 0.317532
0.122588 0.216122
0.124858 -0.030816
0.127128 -0.164517
0.129398 -0.242454
0.131669 -0.230417
0.133939 0.006302
0.136209 0.196990
0.138479 0.280365
0.140749 0.183133
0.143019 -0.022246
0.145289 -0.147858
0.147560 -0.199471
0.149830 -0.053190
0.152100 0.114166
0.154370 -0.399539
0.156640 -0.069896
0.158910 0.385505
0.161180 -0.176268
0.163451 0.286182
0.165721 -0.057842
0.167991 -0.777978
0.170261 -0.141640
0.172531 0.268261
0.174801 0.275661
0.177072 0.163969
0.179342 0.041171
0.181612 -0.409491
0.183882 -0.126269
0.186152 0.195599
0.188422 0.158661
0.190692 -0.158603
0.192963 -0.067794
0.195233 -0.082981
0.197503 0.141513
0.199773 0.097140
0.202043 0.126977
0.204313 -0.106223
0.206583 -0.254152
0.208854 -0.315158
0.211124 0.167382
0.213394 0.239455
0.215664 0.262136
0.217934 0.047517
0.220204 -0.118016
0.222474 -0.314046
0.224745 -0.206763
0.227015 0.042840
0.229285 0.220958
0.231555 0.150822
0.233825 0.054349
0.236095 -0.004908
0.238365 -0.162889
0.240636 -0.054593
0.242906 0.013445
0.245176 0.071606
0.247446 -0.067097
0.249716 -0.041784
0.251986 0.001027
0.254257 0.038505
0.256527 -0.139469
0.258797 0.055468
0.261067 -0.146582
0.263337 -0.145209
0.265607 -0.151560
0.267877 0.234069
0.270148 -0.049497
0.272418 0.313534
0.274688 0.397750
0.276958 0.193009
0.279228 -0.267475
0.281498 0.225381
0.283768 -0.054673
0.286039 0.236604
0.288309 0.212290
0.290579 0.177354
0.292849 0.146644
0.295119 0.126446
0.297389 -0.048738
0.299659 0.067752
0.301930 0.140933
0.304200 -0.169868
0.306470 0.063846
0.308740 0.087817
0.311010 -0.018598
0.313280 -0.031533
0.315551 -0.047020
0.317821 -0.040511
0.320091 -0.025906
0.322361 0.044202
0.324631 -0.058993
0.326901 0.048407
0.329171 -0.048378
0.331442 0.031057
0.333712 0.057221
0.335982 0.049348
0.338252 0.017230
0.340522 -0.038193
0.342792 -0.014468
0.345062 0.034648
0.347333 0.048918
0.349603 0.038425
0.351873 0.055345
0.354143 0.035130
0.356413 -0.040751
0.358683 -0.073461
0.360953 -0.049472
0.363224 0.000801
0.365494 -0.004064
0.367764 0.056665
0.370034 0.028305
0.372304 0.003613
0.374574 -0.037148
0.376844 0.023278
0.379115 -0.008152
0.381385 0.016955
0.383655 0.030395
0.385925 0.040120
0.388195 0.026637
0.390465 0.005677
0.392736 -0.008667
0.395006 -0.023843
0.397276 -0.003339
0.399546 0.024603
0.401816 -0.705189
0.404086 0.158221
0.406356 0.725523
0.408627 -0.984213
0.410897 0.357195
0.413167 0.159970
0.415437 -0.758216
0.417707 0.700470
0.419977 -0.080594
0.422247 -0.419198
0.424518 0.540962
0.426788 0.124561
0.429058 -0.196141
0.431328 0.263212
0.433598 0.194169
0.435868 -0.326010
0.438138 0.439924
0.440409 -0.134998
0.442679 -0.368086
0.444949 0.521204
0.447219 0.005242
0.449489 -0.441586
0.451759 0.203769
0.454030 0.299233
0.456300 -0.452774
0.458570 0.071521
0.460840 0.118518
0.463110 -0.267366
0.465380 0.017866
0.467650 0.300377
0.469921 -0.181117
0.472191 -0.136547
0.474461 0.327836
0.476731 0.036005
0.479001 -0.243499
0.481271 0.104474
0.483541 0.133518
0.485812 -0.231400
0.488082 0.018856
0.490352 0.131327
0.492622 -0.075680
0.494892 -0.085380
0.497162 0.206990
0.499432 0.000212
0.501703 -0.223366
0.503973 0.785081
0.506243 -0.765186
0.508513 0.606917
0.510783 -0.606722
0.513053 0.863169
0.515323 -0.274905
0.517594 -0.499057
0.519864 0.237534
0.522134 -0.648123
0.524404 0.620568
0.526674 0.027879
0.528944 -1.061935
0.531215 0.512378
0.533485 0.686699
0.535755 -0.750518
0.538025 -0.058943
0.540295 1.285873
0.542565 0.487560
0.544835 -0.504349
0.547106 0.175185
0.549376 0.561605
0.551646 0.382097
0.553916 -0.081989
0.556186 -0.613108
0.558456 -0.258810
0.560726 0.593195
0.562997 0.360337
0.565267 0.032424
0.567537 -0.326963
0.569807 -0.050561
0.572077 0.253724
0.574347 0.179550
0.576617 -0.175510
0.578888 -0.285455
0.581158 -0.450037
0.583428 -0.212398
0.585698 0.185779
0.587968 0.327528
0.590238 -0.078170
0.592509 -0.171567
0.594779 -0.290862
0.597049 -0.332801
0.599319 -0.162955
0.601589 0.157066
0.603859 0.262533
0.606129 0.120693
0.608400 -0.119267
0.610670 -0.118454
0.612940 -0.405454
0.615210 -0.277047
0.617480 -0.054671
0.619750 0.164052
0.622020 0.181493
0.624291 0.125117
0.626561 -0.130155
0.628831 -0.258097
0.631101 -0.296592
0.633371 -0.258317
0.635641 0.070055
0.637911 0.238084
0.640182 0.255790
0.642452 0.100118
0.644722 -0.150386
0.646992 -0.216641
0.649262 -0.228689
0.651532 -0.077125
0.653802 0.117448
0.656073 0.190865
0.658343 0.201142
0.660613 0.142638
0.662883 -0.065641
0.665153 -0.143236
0.667423 -0.129881
0.669694 -0.039703
0.671964 0.105408
0.674234 0.144637
0.676504 0.216967
0.678774 0.111682
0.681044 -0.008570
0.683314 -0.047426
0.685585 -0.064020
0.687855 -0.054713
0.690125 -0.001557
0.692395 0.099424
0.694665 0.145111
0.696935 0.178417
0.699205 0.055975
0.701476 -0.010823
0.703746 -0.076201
0.706016 -0.092655
0.708286 -0.079400
0.710556 0.049016
0.712826 0.084756
0.715096 0.164478
0.717367 0.053455
0.719637 0.006021
0.721907 -0.039041
0.724177 -0.113375
0.726447 -0.082769
0.728717 -0.018032
0.730988 0.063617
0.733258 0.095722
0.735528 0.095166
0.737798 0.021519
0.740068 -0.025584
0.742338 -0.050074
0.744608 -0.084488
0.746879 -0.055281
0.749149 0.032384
0.751419 0.064308
0.753689 0.291560
0.755959 0.249429
0.758229 0.030345
0.760499 -0.026819
0.762770 0.453204
0.765040 -0.128280
0.767310 0.324049
0.769580 0.033731
0.771850 -0.140308
0.774120 -0.200468
0.776390 0.425931
0.778661 0.391131
0.780931 0.287573
0.783201 0.113798
0.785471 -0.383423
0.787741 -0.095917
0.790011 0.062111
0.792281 0.531635
0.794552 -0.005196
0.796822 -0.279355
0.799092 -0.413410
0.801362 -0.091364
0.803632 -0.018203
0.805902 0.240613
0.808173 0.013066
0.810443 -0.047365
0.812713 -0.113082
0.814983 -0.086103
0.817253 0.096575
0.819523 0.166543
0.821793 -0.000418
0.824064 -0.149179
0.826334 -0.206652
0.828604 -0.219587
0.830874 0.051001
0.833144 0.207829
0.835414 0.176342
0.837684 0.056417
0.839955 -0.140418
0.842225 -0.213130
0.844495 -0.057591
0.846765 0.029860
0.849035 0.113516
0.851305 0.016227
0.853575 -0.048632
0.855846 -0.113349
0.858116 -0.134515
0.860386 0.036360
0.862656 0.055237
0.864926 0.135739
0.867196 0.016801
0.869467 -0.013664
0.871737 -0.100458
0.874007 -0.049150
0.876277 0.046948
0.878547 0.063477
0.880817 0.041825
0.883087 -0.032502
0.885358 -0.041711
0.887628 -0.006090
0.889898 -0.002054
0.892168 0.039453
0.894438 0.088618
0.896708 0.040369
0.898978 -0.036266
0.901249 -0.063002
0.903519 -0.047641
0.905789 0.024841
0.908059 0.044751
0.910329 0.101397
0.912599 0.016456
0.914869 -0.011091
0.917140 -0.075943
0.919410 -0.034531
0.921680 0.023538
0.923950 0.053528
0.926220 0.060240
0.928490 -0.010624
0.930760 -0.007282
0.933031 -0.052869
0.935301 -0.016351
0.937571 0.024573
0.939841 0.026195
0.942111 0.024046
0.944381 -0.008108
0.946652 -0.015728
0.948922 -0.027038
0.951192 -0.001845
0.953462 0.000217
0.955732 0.010462
0.958002 0.019343
0.960272 0.001379
0.962543 -0.006525
0.964813 -0.009034
0.967083 0.003843
0.969353 0.006515
0.971623 0.011828
0.973893 0.008138
0.976163 -0.003724
0.978434 -0.000882
0.980704 -0.005456
0.982974 0.003611
0.985244 0.006263
0.987514 0.007313
0.989784 0.004490
0.992054 0.001977
0.994325 0.001740
0.996595 -0.001874
0.998865 0.001273
1.001135 0.004798
1.003405 0.103652
1.005675 -0.360017
1.007946 0.390167
1.010216 -0.079904
1.012486 0.517677
1.014756 -0.386860
1.017026 0.462268
1.019296 -0.168755
1.021566 -0.140723
1.023837 0.646345
1.026107 -1.029529
1.028377 0.464902
1.030647 0.503217
1.032917 -1.036920
1.035187 0.351126
1.037457 0.582532
1.039728 -0.819015
1.041998 -0.081355
1.044268 0.624796
1.046538 0.064468
1.048808 -0.619281
1.051078 -0.123625
1.053348 0.412517
1.055619 0.297624
1.057889 -0.223965
1.060159 -0.806932
1.062429 0.084536
1.064699 0.644596
1.066969 0.309184
1.069240 -0.332477
1.071510 -0.477333
1.073780 -0.143774
1.076050 0.320230
1.078320 0.517144
1.080590 0.157054
1.082860 -0.393890
1.085131 -0.471126
1.087401 -0.091752
1.089671 0.240930
1.091941 0.424509
1.094211 0.306243
1.096481 -0.126313
1.098751 -0.379518
1.101022 -0.336725
1.103292 -0.025536
1.105562 0.214282
1.107832 0.379054
1.110102 0.268892
1.112372 -0.097417
1.114642 -0.241999
1.116913 -0.281772
1.119183 -0.183558
1.121453 0.098349
1.123723 0.284567
1.125993 0.307650
1.128263 0.083260
1.130533 -0.133352
1.132804 -0.196152
1.135074 -0.245043
1.137344 -0.131887
1.139614 0.121801
1.141884 0.232605
1.144154 0.239951
1.146425 0.083254
1.148695 -0.099569
1.150965 -0.169430
1.153235 -0.206963
1.155505 -0.141000
1.157775 0.069863
1.160045 0.168883
1.162316 0.223993
1.164586 0.111041
1.166856 -0.063473
1.169126 -0.132438
1.171396 -0.171085
1.173666 -0.145143
1.175936 0.000404
1.178207 0.123324
1.180477 0.178977
1.182747 0.136758
1.185017 0.001779
1.187287 -0.095671
1.189557 -0.130525
1.191827 -0.134768
1.194098 -0.075505
1.196368 0.065059
1.198638 0.121462
1.200908 0.148986
1.203178 0.056199
1.205448 -0.054766
1.207719 -0.096533
1.209989 -0.118944
1.212259 -0.096592
1.214529 0.010909
1.216799 0.086006
1.219069 0.125469
1.221339 0.087655
1.223610 -0.003713
1.225880 -0.070785
1.228150 -0.090000
1.230420 -0.091411
1.232690 -0.046237
1.234960 0.046316
1.237230 0.086067
1.239501 0.101198
1.241771 0.037035
1.244041 -0.039571
1.246311 -0.065886
1.248581 -0.080844
1.250851 -0.061734
1.253121 0.099573
1.255392 0.235261
1.257662 -0.494080
1.259932 -0.633380
1.262202 0.127975
1.264472 -0.110509
1.266742 0.322133
1.269012 0.056179
1.271283 -0.410239
1.273553 0.196813
1.275823 0.169096
1.278093 0.096632
1.280363 -0.043033
1.282633 0.102976
1.284904 -0.405318
1.287174 -0.201571
1.289444 0.305665
1.291714 0.194236
1.293984 -0.005255
1.296254 -0.129900
1.298524 -0.290256
1.300795 -0.001834
1.303065 -0.021375
1.305335 0.342472
1.307605 0.021415
1.309875 -0.182949
1.312145 -0.256915
1.314415 0.035528
1.316686 0.177643
1.318956 0.179645
1.321226 0.012484
1.323496 -0.075242
1.325766 -0.294416
1.328036 -0.183223
1.330306 0.128306
1.332577 0.293554
1.334847 0.225005
1.337117 -0.053520
1.339387 -0.068842
1.341657 -0.226950
1.343927 0.003529
1.346198 0.005426
1.348468 0.168115
1.350738 0.074060
1.353008 0.009014
1.355278 -0.092341
1.357548 -0.003459
1.359818 0.104035
1.362089 0.140767
1.364359 0.111135
1.366629 0.003552
1.368899 -0.084837
1.371169 -0.125198
1.373439 0.016973
1.375709 0.063246
1.377980 0.098759
1.380250 0.016441
1.382520 -0.052396
1.384790 -0.087368
1.387060 -0.087969
1.389330 -0.011190
1.391600 0.060766
1.393871 0.095562
1.396141 0.002976
1.398411 0.327081
1.400681 0.230054
1.402951 -0.656890
1.405221 -0.074279
1.407491 0.664240
1.409762 -0.170917
1.412032 0.263478
1.414302 0.128952
1.416572 -0.222932
1.418842 0.531306
1.421112 -0.668715
1.423383 -0.182068
1.425653 0.666767
1.427923 -0.729033
1.430193 -0.019569
1.432463 0.346085
1.434733 -0.555221
1.437003 0.146205
1.439274 0.085612
1.441544 -0.390715
1.443814 0.004095
1.446084 0.401312
1.448354 -0.431196
1.450624 -0.123494
1.452894 0.429496
1.455165 0.058939
1.457435 -0.219129
1.459705 0.213976
1.461975 0.077834
1.464245 -0.286811
1.466515 0.252362
1.468785 0.033249
1.471056 -0.312460
1.473326 0.037637
1.475596 0.252758
1.477866 -0.205762
1.480136 -0.119044
1.482406 0.251146
1.484677 0.043564
1.486947 -0.172983
1.489217 0.154554
1.491487 0.043834
1.493757 -0.197391
1.496027 0.030587
1.498297 0.136266
1.500568 -0.114217
1.502838 0.843735
1.505108 0.112984
1.507378 -0.831253
1.509648 0.790882
1.511918 -0.733114
1.514188 -1.400000
1.516459 -0.666591
1.518729 0.852211
1.520999 -0.848928
1.523269 0.430737
1.525539 0.189604
1.527809 -0.238573
1.530079 0.622882
1.532350 -0.148876
1.534620 -0.039448
1.536890 0.891962
1.539160 0.417323
1.541430 -0.889361
1.543700 0.026665
1.545970 0.346142
1.548241 -0.097372
1.550511 -0.695237
1.552781 0.155947
1.555051 0.676212
1.557321 0.639275
1.559591 -0.466073
1.561862 -0.365074
1.564132 0.150260
1.566402 0.503032
1.568672 0.332368
1.570942 -0.398366
1.573212 -0.606442
1.575482 -0.260178
1.577753 0.365292
1.580023 0.405911
1.582293 -0.005882
1.584563 -0.395572
1.586833 -0.402377
1.589103 -0.142614
1.591373 0.223750
1.593644 0.457926
1.595914 0.161879
1.598184 -0.127984
1.600454 -0.318674
1.602724 -0.349147
1.604994 -0.092534
1.607264 0.084251
1.609535 0.307470
1.611805 0.160422
1.614075 -0.146009
1.616345 -0.267331
1.618615 -0.370680
1.620885 -0.265036
1.623156 0.008801
1.625426 0.134402
1.627696 0.240174
1.629966 0.052280
1.632236 -0.161863
1.634506 -0.281517
1.636776 -0.246181
1.639047 -0.158100
1.641317 0.087483
1.643587 0.185000
1.645857 0.169522
1.648127 0.162637
1.650397 0.003567
1.652667 -0.570313
1.654938 -0.344263
1.657208 0.108925
1.659478 0.019416
1.661748 0.449325
1.664018 0.325817
1.666288 -0.541954
1.668558 0.085597
1.670829 0.113514
1.673099 -0.095081
1.675369 -0.171478
1.677639 -0.049465
1.679909 -0.198049
1.682179 0.288165
1.684449 0.508111
1.686720 0.352083
1.688990 -0.143650
1.691260 -0.228132
1.693530 -0.264424
1.695800 -0.032008
1.698070 0.245112
1.700341 0.359370
1.702611 0.176944
1.704881 -0.054521
1.707151 -0.203433
1.709421 0.077058
1.711691 0.053793
1.713961 0.074412
1.716232 -0.008151
1.718502 0.023380
1.720772 -0.169684
1.723042 0.047746
1.725312 0.156525
1.727582 0.181905
1.729852 -0.001049
1.732123 -0.115514
1.734393 -0.148053
1.736663 -0.090300
1.738933 0.138693
1.741203 0.191123
1.743473 0.186305
1.745743 -0.037547
1.748014 -0.118267
1.750284 -0.191473
1.752554 -0.076001
1.754824 -0.237777
1.757094 0.092842
1.759364 -0.166038
1.761635 -0.294085
1.763905 -0.013423
1.766175 -0.101253
1.768445 -0.201063
1.770715 -0.090039
1.772985 0.048638
1.775255 0.115906
1.777526 -0.121377
1.779796 -0.177431
1.782066 -0.206020
1.784336 0.037713
1.786606 -0.017967
1.788876 0.114654
1.791146 -0.104225
1.793417 0.092186
1.795687 -0.125840
1.797957 -0.020480
1.800227 0.046072
1.802497 -0.032427
1.804767 0.011129
1.807037 -0.026447
1.809308 0.122348
1.811578 -0.078292
1.813848 -0.017958
1.816118 0.080507
1.818388 0.048530
1.820658 0.019678
1.822928 -0.031661
1.825199 -0.039522
1.827469 -0.092696
1.829739 -0.106777
1.832009 0.059426
1.834279 0.086886
1.836549 0.021606
1.838820 -0.044201
1.841090 -0.027024
1.843360 -0.033447
1.845630 -0.067839
1.847900 -0.033361
1.850170 0.007765
1.852440 0.026205
1.854711 0.002185
1.856981 -0.010302
1.859251 -0.028926
1.861521 -0.011270
1.863791 0.027863
1.866061 -0.039665
1.868331 -0.006779
1.870602 -0.030578
1.872872 -0.001797
1.875142 0.017372
1.877412 0.008400
1.879682 -0.001758
1.881952 -0.013278
1.884222 0.015004
1.886493 0.020299
1.888763 -0.015958
1.891033 -0.016078
1.893303 0.020596
1.895573 0.028577
1.897843 -0.006869
1.900114 -0.024142
1.902384 -0.006394
1.904654 -0.007824
1.906924 -0.018651
1.909194 0.028442
1.911464 -0.000586
1.913734 0.009124
1.916005 0.004526
1.918275 -0.005569
1.920545 -0.016735
1.922815 0.012843
1.925085 -0.015453
1.927355 0.000969
1.929625 0.004876
1.931896 0.014621
1.934166 0.009893
1.936436 0.021004
1.938706 -0.000957
1.940976 -0.000400
1.943246 0.000338
1.945516 0.001213
1.947787 0.000224
1.950057 0.013026
1.952327 0.003508
1.954597 0.009795
1.956867 0.000211
1.959137 -0.005348
1.961407 -0.001774
1.963678 0.002475
1.965948 0.000592
1.968218 0.005312
1.970488 0.004988
1.972758 0.002411
1.975028 0.005427
1.977299 0.000135
1.979569 0.002298
1.981839 0.001132
1.984109 0.000441
1.986379 0.002144
1.988649 0.002233
1.990919 0.002809
1.993190 0.005769
1.995460 0.002077
1.997730 0.004848
2.000000 0.004226
